1	102	1
1	107	1
1	114	5
1	128	2
1	130	5
1	137	2
1	149	3
1	151	4
1	167	1
1	174	1
1	184	4
1	197	1
1	212	5
1	217	5
1	239	4
1	248	1
1	271	2
1	295	1
1	297	3
1	313	2
1	317	2
1	328	4
1	333	5
1	341	3
1	352	4
1	380	1
1	389	3
1	391	1
1	397	3
1	411	1
1	433	5
1	435	5
1	442	2
1	445	4
1	456	5
1	475	1
1	477	5
1	488	2
1	489	1
1	490	4
1	491	3
1	503	2
1	509	3
1	517	3
1	530	5
1	537	1
1	554	5
1	574	4
1	583	1
1	586	5
1	588	2
1	590	5
1	609	1
1	613	1
1	615	4
1	619	2
1	623	5
1	635	4
1	636	3
1	652	5
1	653	1
1	659	2
1	675	3
1	682	4
1	686	2
1	715	5
1	729	1
1	731	4
1	740	4
1	758	4
1	762	4
1	763	1
1	775	3
1	779	2
1	836	3
1	840	5
1	847	3
1	848	5
1	873	2
1	883	1
1	892	1
1	932	1
1	943	2
1	962	4
1	969	2
1	970	1
1	976	1
1	988	2
1	989	2
1	995	3
2	102	5
2	121	3
2	138	5
2	139	1
2	145	4
2	175	4
2	185	1
2	196	1
2	219	5
2	231	4
2	244	4
2	272	5
2	274	4
2	280	2
2	299	5
2	301	4
2	308	4
2	309	2
2	310	4
2	318	2
2	344	1
2	349	4
2	374	5
2	375	2
2	377	2
2	399	5
2	406	1
2	407	4
2	409	1
2	417	3
2	424	3
2	434	3
2	437	4
2	444	5
2	465	1
2	487	1
2	495	1
2	503	3
2	509	5
2	512	2
2	515	1
2	527	3
2	571	3
2	579	2
2	586	2
2	590	4
2	632	1
2	640	5
2	666	1
2	680	3
2	683	4
2	688	1
2	690	1
2	703	3
2	707	4
2	712	1
2	720	2
2	722	1
2	723	5
2	730	3
2	735	4
2	752	1
2	753	3
2	754	2
2	771	3
2	796	3
2	818	1
2	821	1
2	839	4
2	851	4
2	865	1
2	867	1
2	886	2
2	888	3
2	895	1
2	905	5
2	920	4
2	923	4
2	943	5
2	961	3
2	962	2
2	963	2
2	965	3
2	973	3
2	980	2
2	981	5
2	984	5
2	985	2
2	987	4
3	106	3
3	110	4
3	112	1
3	116	5
3	197	4
3	198	5
3	200	1
3	212	4
3	214	5
3	219	3
3	234	5
3	244	4
3	273	2
3	277	4
3	279	2
3	294	5
3	297	1
3	326	4
3	332	1
3	368	5
3	376	4
3	378	5
3	380	5
3	406	4
3	408	5
3	413	2
3	420	1
3	443	5
3	501	5
3	504	1
3	507	3
3	519	4
3	522	2
3	529	1
3	548	3
3	556	1
3	562	1
3	565	4
3	573	2
3	587	1
3	593	3
3	601	2
3	603	5
3	608	2
3	615	2
3	627	4
3	634	4
3	635	4
3	637	2
3	651	1
3	659	4
3	670	1
3	694	4
3	703	2
3	720	5
3	736	4
3	751	4
3	764	1
3	768	4
3	773	5
3	786	2
3	814	1
3	830	1
3	835	1
3	836	4
3	838	3
3	842	3
3	849	3
3	874	1
3	885	1
3	896	1
3	915	5
3	918	4
3	919	3
3	934	1
3	937	2
3	956	3
3	960	3
3	982	3
3	997	4
4	112	2
4	115	1
4	120	3
4	122	5
4	127	5
4	133	3
4	159	5
4	160	2
4	164	4
4	168	4
4	171	3
4	178	3
4	190	1
4	192	3
4	196	4
4	199	2
4	213	5
4	217	1
4	219	3
4	221	3
4	226	3
4	229	3
4	232	1
4	233	2
4	235	4
4	249	3
4	267	2
4	269	2
4	275	3
4	289	2
4	296	3
4	307	5
4	322	1
4	344	1
4	352	4
4	353	4
4	361	3
4	363	4
4	382	3
4	392	2
4	396	4
4	397	5
4	406	4
4	410	2
4	417	4
4	418	5
4	422	1
4	437	2
4	438	1
4	451	3
4	457	5
4	460	5
4	462	5
4	467	1
4	471	5
4	479	3
4	490	2
4	503	2
4	504	2
4	506	1
4	507	3
4	521	5
4	537	3
4	565	1
4	569	4
4	587	1
4	588	2
4	604	2
4	608	1
4	611	2
4	614	5
4	625	4
4	633	5
4	636	3
4	645	3
4	650	4
4	651	1
4	655	1
4	659	5
4	675	2
4	688	1
4	702	4
4	706	3
4	710	2
4	714	2
4	716	3
4	737	3
4	738	5
4	742	1
4	751	3
4	754	2
4	768	5
4	776	3
4	780	3
4	786	3
4	823	4
4	840	4
4	847	5
4	857	4
4	864	2
4	865	1
4	888	4
4	893	1
4	897	3
4	904	4
4	909	1
4	911	4
4	918	3
4	920	5
4	921	3
4	935	2
4	962	4
4	973	4
4	978	5
4	980	1
4	982	1
4	983	5
4	987	1
4	996	5
5	101	3
5	115	2
5	124	3
5	135	5
5	158	5
5	162	3
5	169	2
5	180	1
5	187	4
5	192	5
5	197	3
5	204	1
5	207	2
5	215	5
5	239	1
5	249	2
5	268	5
5	291	4
5	295	2
5	297	4
5	302	1
5	323	5
5	325	4
5	331	3
5	334	4
5	337	5
5	340	1
5	350	1
5	355	5
5	365	5
5	366	5
5	377	3
5	381	4
5	401	4
5	403	1
5	411	1
5	429	2
5	435	2
5	440	4
5	442	1
5	462	2
5	477	2
5	486	1
5	501	4
5	508	3
5	510	2
5	511	3
5	514	3
5	603	2
5	611	3
5	613	4
5	637	2
5	639	2
5	647	4
5	669	4
5	671	1
5	687	4
5	700	3
5	705	2
5	709	1
5	717	4
5	728	4
5	729	4
5	732	3
5	734	5
5	736	3
5	737	3
5	739	1
5	745	5
5	752	4
5	757	2
5	763	1
5	775	4
5	780	3
5	784	3
5	793	1
5	802	2
5	826	4
5	829	4
5	830	5
5	840	1
5	856	4
5	873	1
5	877	4
5	891	5
5	893	3
5	895	2
5	914	4
5	917	4
5	924	3
5	926	1
5	927	2
5	945	3
5	954	1
5	958	2
5	965	4
5	966	3
5	972	3
5	975	1
5	990	3
